# Created by Octave 6.2.0, Thu Nov 25 11:41:08 2021 +07 <pannawis@PANNAWISs-MBP>
# name: filterCoef
# type: matrix
# rows: 1
# columns: 301
 -0.00015059183710946204 -0.00016657836524374247 8.4206831939421595e-05 -0.00015252817320594598 -0.00017317736743506428 9.0188840139132143e-05 -0.00015788569724871796 -0.00018395873847541574 9.8559262685249694e-05 -0.00016665864547680208 -0.00019915758851667096 0.00010958429351691317 -0.00017882707103639541 -0.00021901201578204715 0.00012353981555290734 -0.00019435689082156492 -0.00024376362665816078 0.0001407117959763149 -0.00021319999214256701 -0.00027365821075569764 0.00016139682323341821 -0.00023529439889275117 -0.00030894659556359778 0.00018590281255907688 -0.0002605644966274428 -0.00034988570962481033 0.00021454991149555408 -0.00028892131571279562 -0.00039673988841961219 0.0002476716425521161 -0.00032026287145038373 -0.00044978246359826679 0.00028561632712238803 -0.00035447455983552648 -0.00050929768417048418 0.00032874884337547202 -0.00039142960736495433 -0.00057558302813808947 0.00037745278150442971 -0.00043098957307360924 -0.00064895197537366751 0.0004321330730252966 -0.00047300490075210166 -0.00072973732798762463 0.00049321918752220494 -0.00051731551907669045 -0.00081829518389250943 0.00056116901132145748 -0.00056375148717352627 -0.00091500969396509637 0.0006364735493685921 -0.00061213368293928363 -0.0010202987647256749 0.00071966262584537643 -0.00066227453125207295 -0.0011346209089586185 0.00081131180318662159 -0.00071397876903050073 -0.0012584834991211419 0.00091205079639394696 -0.00076704424393573634 -0.0013924527467477792 0.0010225737343695501 -0.00082126274336217229 -0.0015371658209186723 0.001143651718619246 -0.00087642085022739287 -0.001693345637993075 0.0012761482608112901 -0.00093230082195230293 -0.0018618190141952288 0.0014210383566753532 -0.00098868148891798264 -0.0020435390879622421 0.0015794321922960031 -0.0010453391685975098 -0.0022396132129017272 0.0017526048057148753 -0.0011020485914891929 -0.0024513379279799833 0.0019420334797469656 -0.00115858383492251 -0.0026802431785096304 0.0021494452775188203 -0.0012147192607699941 -0.0029281487640184321 0.0023768780360513401 -0.0012702304530774102 -0.0031972371411418793 0.0026267594371476187 -0.0013248951516209239 -0.003490148389028155 0.0029020106858689563 -0.0013784941774138396 -0.003810105633848886 0.0032061841761287582 -0.0014308123462163237 -0.0041610829862268103 0.0035436488516887416 -0.0014816393661498312 -0.0045480338315888047 0.0039198436849272817 -0.0015307707155830842 -0.0049772064237213788 0.0043416303508159119 -0.0015780084975382219 -0.0054565884325565939 0.004817793519109206 -0.0016231622669639323 -0.0059965464790427605 0.0053597662417011393 -0.0016660498273364944 -0.0066107683958080794 0.0059827081677061838 -0.0017064979931790869 -0.0073176898313676367 0.0067071544834286165 -0.0017443433152342224 -0.0081427230302146998 0.0075616221695970704 -0.0017794327651826244 -0.0091218686563189159 0.0085868915339978261 -0.0018116243769742135 -0.010307827714770139 0.0098433702185830984 -0.0018407878420217453 -0.011780896250810358 0.011424482007871446 -0.0018668050557047102 -0.013669664723205971 0.013482739390718219 -0.0018895706128392049 -0.016193633689001872 0.016285147258152492 -0.0019089922499878761 -0.019760620247102567 0.020345318752914295 -0.0019249912327117629 -0.025223555760587175 0.026793398728513426 -0.0019375026861018171 -0.034715076944861666 0.038697217566675518 -0.0019464758671709941 -0.05548664243903937 0.06832863460829923 -0.001951874377937533 -0.13829969241750906 0.27522405263064326 0.66490117365605639 0.2752240526306432 -0.13829969241750906 -0.0019518743779375328 0.06832863460829923 -0.05548664243903937 -0.0019464758671709945 0.038697217566675518 -0.034715076944861666 -0.0019375026861018167 0.026793398728513423 -0.025223555760587175 -0.0019249912327117626 0.020345318752914295 -0.019760620247102571 -0.0019089922499878767 0.016285147258152489 -0.016193633689001868 -0.0018895706128392057 0.013482739390718217 -0.013669664723205971 -0.0018668050557047102 0.011424482007871446 -0.011780896250810358 -0.001840787842021747 0.0098433702185831019 -0.010307827714770143 -0.0018116243769742137 0.0085868915339978227 -0.0091218686563189141 -0.0017794327651826272 0.0075616221695970695 -0.0081427230302146998 -0.0017443433152342261 0.0067071544834286191 -0.0073176898313676375 -0.0017064979931790893 0.0059827081677061847 -0.0066107683958080785 -0.0016660498273364942 0.0053597662417011376 -0.0059965464790427622 -0.0016231622669639334 0.0048177935191092078 -0.0054565884325565956 -0.0015780084975382212 0.0043416303508159127 -0.0049772064237213814 -0.0015307707155830838 0.0039198436849272825 -0.004548033831588803 -0.0014816393661498312 0.003543648851688742 -0.004161082986226812 -0.0014308123462163237 0.0032061841761287582 -0.0038101056338488873 -0.0013784941774138402 0.0029020106858689584 -0.0034901483890281536 -0.0013248951516209265 0.0026267594371476169 -0.0031972371411418785 -0.0012702304530774269 0.0023768780360513405 -0.0029281487640184325 -0.0012147192607699973 0.0021494452775188211 -0.0026802431785096338 -0.0011585838349225095 0.0019420334797469652 -0.0024513379279799837 -0.0011020485914891918 0.0017526048057148764 -0.0022396132129017272 -0.0010453391685975105 0.0015794321922960042 -0.0020435390879622426 -0.00098868148891798329 0.0014210383566753547 -0.0018618190141952283 -0.00093230082195230326 0.0012761482608112911 -0.0016933456379930752 -0.00087642085022739309 0.0011436517186192462 -0.0015371658209186732 -0.00082126274336217326 0.0010225737343695503 -0.0013924527467477803 -0.00076704424393573666 0.00091205079639394685 -0.0012584834991211421 -0.00071397876903050051 0.00081131180318662018 -0.0011346209089586198 -0.00066227453125207295 0.0007196626258453761 -0.0010202987647256738 -0.00061213368293928374 0.00063647354936859221 -0.00091500969396509594 -0.00056375148717352616 0.00056116901132145791 -0.00081829518389250953 -0.00051731551907669066 0.00049321918752220537 -0.00072973732798762507 -0.00047300490075210226 0.00043213307302529682 -0.00064895197537366827 -0.00043098957307360978 0.00037745278150442949 -0.00057558302813808958 -0.0003914296073649546 0.00032874884337547191 -0.0005092976841704844 -0.00035447455983552616 0.00028561632712238803 -0.00044978246359826728 -0.00032026287145038389 0.00024767164255211604 -0.00039673988841961214 -0.00028892131571279551 0.00021454991149555459 -0.0003498857096248099 -0.0002605644966274427 0.0001859028125590743 -0.00030894659556359778 -0.00023529439889274911 0.00016139682323341819 -0.00027365821075569786 -0.00021319999214256761 0.00014071179597631488 -0.00024376362665816078 -0.00019435689082156476 0.00012353981555290726 -0.00021901201578204731 -0.00017882707103639549 0.00010958429351691296 -0.00019915758851667096 -0.00016665864547680203 9.8559262685249735e-05 -0.00018395873847541574 -0.00015788569724871796 9.0188840139132049e-05 -0.00017317736743506439 -0.00015252817320594598 8.4206831939421541e-05 -0.00016657836524374255 -0.00015059183710946198


