# Created by Octave 6.2.0, Wed Jun 15 09:42:10 2022 +07 <pannawis@Macintosh.local>
# name: filterCoef
# type: matrix
# rows: 1
# columns: 201
 -0.00015234242270338103 -0.00015870838154442442 0.00012985147333566626 -0.00034188912520159812 0.0001331444218562183 -0.00016353485135442737 -0.0001834867509857284 0.0001621476728307235 -0.00041077763324228372 0.00016799018454718157 -0.00019616751958192091 -0.00023544918757852242 0.00022176768769166855 -0.00053618626478495396 0.00022767160664967826 -0.0002495846040135775 -0.00031827639288400938 0.0003157184941558466 -0.00072390333954194428 0.00031648862036316418 -0.00032259785356096072 -0.00043592482136703631 0.00045188421162576948 -0.00097996387339456992 0.00043915804380597262 -0.00041351459643712834 -0.0005927666968328025 0.00063923962473220791 -0.0013109347588642047 0.00060098302004741612 -0.00052017889241259764 -0.00079380927591156522 0.00088819483762095375 -0.0017243589976035101 0.00080812418714214641 -0.00064002481170742642 -0.0010450351078397405 0.0012111466682348418 -0.002229440869728714 0.001068029303367139 -0.00077014049876223236 -0.0013539327735489627 0.0016233630408011412 -0.0028381106341497492 0.001390117728784717 -0.00090734139038497238 -0.00173033848248174 0.0021444202242712714 -0.0035667134430026723 0.0017868909506369413 -0.0010482507112973877 -0.0021878066176197223 0.0028005940815403075 -0.0044387751699861899 0.0022757884255018642 -0.00118938517265291 -0.0027459250700682374 0.0036289776154654271 -0.0054897291461536695 0.0028824188096535862 -0.0013272436561111846 -0.0034344172704254246 0.0046849078401803562 -0.006775444087168115 0.003646496172473224 -0.0014583965815211455 -0.0043008629829079485 0.0060562015442904467 -0.0083886950677728098 0.0046335260277628144 -0.0015795736326042872 -0.0054263967719021386 0.0078926965685427695 -0.010493857469063572 0.0059599702838476392 -0.0016877475530228006 -0.0069610080202842928 0.010474369664879366 -0.013408797630578104 0.0078543426117263036 -0.001780211823980155 -0.0092145382338100802 0.014393013344680388 -0.017831111998485763 0.010832815403259099 -0.0018546501915078523 -0.012942603261197965 0.021153167447606532 -0.025629713061099468 0.01635367126703673 -0.0019091962227367843 -0.020585460184127557 0.036026478961407045 -0.044028478072709328 0.030743823272886134 -0.0019424813301626832 -0.046798043715881886 0.099449313918752183 -0.15254304431755142 0.18691963225051703 0.7982695637573296 0.18691963225051705 -0.15254304431755142 0.099449313918752197 -0.046798043715881893 -0.0019424813301626828 0.030743823272886127 -0.044028478072709334 0.036026478961407052 -0.02058546018412756 -0.001909196222736784 0.016353671267036726 -0.025629713061099475 0.021153167447606529 -0.012942603261197966 -0.0018546501915078521 0.010832815403259095 -0.017831111998485763 0.01439301334468039 -0.0092145382338100768 -0.0017802118239801572 0.0078543426117263036 -0.013408797630578105 0.010474369664879368 -0.0069610080202842945 -0.0016877475530228025 0.0059599702838476366 -0.010493857469063573 0.0078926965685427713 -0.0054263967719021368 -0.00157957363260429 0.0046335260277628153 -0.008388695067772808 0.006056201544290445 -0.0043008629829079433 -0.0014583965815211494 0.003646496172473224 -0.0067754440871681115 0.0046849078401803562 -0.0034344172704254246 -0.0013272436561111828 0.0028824188096535867 -0.005489729146153666 0.0036289776154654267 -0.002745925070068237 -0.0011893851726529089 0.0022757884255018655 -0.0044387751699861882 0.0028005940815403079 -0.0021878066176197223 -0.0010482507112973885 0.001786890950636942 -0.0035667134430026727 0.002144420224271271 -0.0017303384824817404 -0.00090734139038497206 0.0013901177287847187 -0.0028381106341497501 0.0016233630408011403 -0.0013539327735489627 -0.00077014049876223279 0.001068029303367139 -0.0022294408697287136 0.0012111466682348452 -0.0010450351078397416 -0.00064002481170742989 0.00080812418714214555 -0.0017243589976035088 0.00088819483762095375 -0.00079380927591156565 -0.00052017889241259829 0.00060098302004741623 -0.0013109347588642064 0.00063923962473220867 -0.00059276669683280326 -0.00041351459643712882 0.00043915804380597305 -0.00097996387339456927 0.00045188421162576937 -0.00043592482136703626 -0.00032259785356096083 0.00031648862036316429 -0.00072390333954194504 0.00031571849415584698 -0.00031827639288401003 -0.00024958460401357761 0.00022767160664967845 -0.00053618626478495364 0.0002217676876916686 -0.00023544918757852242 -0.00019616751958192097 0.00016799018454718154 -0.000410777633242284 0.00016214767283072366 -0.00018348675098572875 -0.00016353485135442718 0.00013314442185621841 -0.00034188912520159823 0.00012985147333566626 -0.00015870838154442442 -0.00015234242270338095


