# Created by Octave 6.2.0, Wed Jun 15 11:41:52 2022 +07 <pannawis@Macintosh.local>
# name: filterCoef
# type: matrix
# rows: 1
# columns: 501
 -0.0001314497843724098 -6.9182046337387665e-05 -3.6039433469517115e-05 -0.00015706918528284803 2.1937840668540342e-06 -0.00013868332874311784 -7.6055837936730544e-05 -3.9449481945482838e-05 -0.00016880165198056597 -4.5361672779676397e-07 -0.00014928687451672178 -8.502556549047753e-05 -4.3803014415507478e-05 -0.00018491228200553684 -3.2800481101232596e-06 -0.00016362175475972219 -9.6478545417009849e-05 -4.9241199414572174e-05 -0.00020590718504869473 -6.4430753559351844e-06 -0.00018203173396568191 -0.0001108020776946319 -5.588324674788505e-05 -0.00023228601939103048 -1.0088499910346174e-05 -0.00020483944696096025 -0.00012838057002562554 -6.3823037799415604e-05 -0.00026453880217897931 -1.4347389221777423e-05 -0.00023234293441880689 -0.00014959272438848091 -7.3125764811107229e-05 -0.00030314287705226128 -1.9333098159146128e-05 -0.00026481230775352737 -0.00017480882583774651 -8.3824591585009186e-05 -0.00034856008945225743 -2.5138298468641453e-05 -0.00030248657573430038 -0.00020438817527533473 -9.5917344645746021e-05 -0.00040123422269739849 -3.1832030553539112e-05 -0.0003455706644055421 -0.00023867670985151308 -0.00010936323955302741 -0.0004615887510077739 -3.9456788967964029e-05 -0.00039423266082662698 -0.00027800485674954239 -0.00012407964161086974 -0.00053002496926385205 -4.8025649291010031e-05 -0.00044860130975088588 -0.00032268566848680179 -0.00013993885347607252 -0.00060692056361639612 -5.7519439350216889e-05 -0.00050876379065827623 -0.0003730132906883536 -0.00015676491385994726 -0.0006926286924171189 -6.7883951913195282e-05 -0.00057476380054765838 -0.0004292618167684413 -0.00017433038130300774 -0.00078747765369284223 -7.9027188730377451e-05 -0.00064659996559665004 -0.00049168458837024493 -0.00019235306443604285 -0.00089177122403933371 -9.0816616885481898e-05 -0.00072422460222613927 -0.00056051400613199413 -0.00021049264463303801 -0.001005789765022732 -0.00010307640738960741 -0.00080754284528324321 -0.00063596192285465 -0.00022834711772750898 -0.0011297922078195772 -0.00011558461230058455 -0.00089641215800390593 -0.00071822070108987853 -0.00024544895745053883 -0.001264019046066292 -0.00012807021963420537 -0.00099064223516116432 -0.00080746503041424572 -0.00026126087303150665 -0.0014086964922940747 -0.0001402100039701253 -0.0010899953073765457 -0.00090385461737794125 -0.00027517099503729646 -0.00156404198702461 -0.00015162506358810558 -0.0011941868510018901 -0.0010075378849109091 -0.00028648727433840424 -0.0017302712945127341 -0.00016187690032724554 -0.0013028867043011908 -0.0011186568500342257 -0.00029443081536811464 -0.001907607479280644 -0.00017046285352954183 -0.0014157205869126009 -0.0012373533921178298 -0.00029812778138009542 -0.0020962921386392217 -0.00017681064072937319 -0.0015322720157869721 -0.0013637771829479578 -0.00029659939884188143 -0.0022965993763185604 -0.00018027167994488308 -0.0016520846070195211 -0.0014980956306400021 -0.00028874943987780918 -0.0025088531525567039 -0.00018011276397767893 -0.0017746647492546024 -0.0016405063007755697 -0.00027334836051340274 -0.0027334488530812032 -0.00017550551505421814 -0.0018994846306891382 -0.0017912524329372513 -0.00024901299595231786 -0.0029708802076863485 -0.00016551285224333112 -0.0020259855981675351 -0.0019506423881381057 -0.00021418032888384972 -0.003221773094808041 -0.00014907143011113236 -0.0021535818234873906 -0.0021190741711793379 -0.0001670733025161633 -0.0034869283464887503 -0.0001249686181778157 -0.0022816642488590368 -0.0022970666155519813 -0.00010565586939017922 -0.0037673765028257691 -9.1812029985177001e-05 -0.0024096047805178054 -0.0024852994652900364 -2.7573329398668838e-05 -0.0040644486886702615 -4.7988788393785798e-05 -0.0025367606968097981 -0.0026846655462075915 6.9927676213230264e-05 -0.004379869609302217 8.3895136304257082e-06 -0.0026624792346906425 -0.0028963396629690607 0.00019010769582267922 -0.0047158814309200296 7.9562065688583447e-05 -0.0027861023165208225 -0.0031218710776101696 0.00033688363203151502 -0.0050754116022190899 0.00016822311981599383 -0.0029069713773352333 -0.0033633099098997299 0.00051503684098293267 -0.0054623044727809657 0.00027766873477992534 -0.0030244322514306359 -0.0036233834052637344 0.00073050847605765894 -0.0058816476146059489 0.00041200697482455465 -0.003137840076169995 -0.0039057472783039534 0.00099082701657584021 -0.0063402422271521793 0.00057646525433116015 -0.0032465641703609918 -0.0042153531159944517 0.001305741431619362 -0.0068472988900282264 0.00077785059048190444 -0.0033499928444369093 -0.0045590006342579046 0.0016881840575390652 -0.0074154969836259981 0.0010252583314464606 -0.0034475380999560816 -0.0049461945666661239 0.0021557808824318211 -0.0080626525302810014 0.0013311998552758251 -0.0035386401766424494 -0.0053905237724873106 0.0027333083096381669 -0.008814447544402252 0.0017134679613270427 -0.0036227719063092485 -0.0059119779912349315 0.0034568666667950253 -0.0097091055326864791 0.0021983695910968884 -0.0036994428345331781 -0.0065410437872256396 0.0043813514952157177 -0.010805854198811806 0.0028266550754470813 -0.0037682030728634587 -0.007326411320491194 0.0055947200177742596 -0.012201317774960183 0.0036651881577833036 -0.0038286468466421316 -0.0083506500223277953 0.0072475464197776758 -0.01406411838121808 0.0048320844585999084 -0.0038804157061568976 -0.0097654747713641632 0.0096211310631410911 -0.016716655699646612 0.0065577653582767339 -0.0039232013718205321 -0.011882690746983149 0.013309128961323798 -0.020861197356378702 0.0093604916568649828 -0.0039567481873418672 -0.015460014292118145 0.019818325315568756 -0.02837118715123035 0.014700629870203348 -0.0039808551583901206 -0.022939622035470987 0.034422324815749229 -0.046473862083336079 0.02890625629930936 -0.0039953775580214663 -0.048975803236417065 0.0975521439065343 -0.15467208855903569 0.1848669089245718 0.79604538873503961 0.1848669089245718 -0.15467208855903569 0.097552143906534314 -0.048975803236417058 -0.0039953775580214663 0.02890625629930936 -0.046473862083336072 0.034422324815749229 -0.022939622035470987 -0.0039808551583901206 0.014700629870203347 -0.028371187151230357 0.019818325315568756 -0.015460014292118145 -0.0039567481873418681 0.0093604916568649828 -0.020861197356378699 0.013309128961323797 -0.011882690746983145 -0.0039232013718205347 0.0065577653582767339 -0.016716655699646612 0.0096211310631410911 -0.0097654747713641597 -0.0038804157061569007 0.0048320844585999058 -0.01406411838121808 0.0072475464197776776 -0.0083506500223277935 -0.0038286468466421368 0.0036651881577833023 -0.012201317774960186 0.0055947200177742578 -0.0073264113204911871 -0.0037682030728634656 0.0028266550754470826 -0.010805854198811806 0.0043813514952157177 -0.0065410437872256378 -0.0036994428345331755 0.0021983695910968888 -0.0097091055326864757 0.0034568666667950257 -0.0059119779912349298 -0.0036227719063092476 0.0017134679613270438 -0.008814447544402252 0.0027333083096381674 -0.0053905237724873097 -0.0035386401766424502 0.0013311998552758258 -0.0080626525302809997 0.0021557808824318216 -0.0049461945666661247 -0.0034475380999560807 0.0010252583314464593 -0.0074154969836259972 0.0016881840575390659 -0.0045590006342579054 -0.0033499928444369106 0.00077785059048190118 -0.0068472988900282212 0.0013057414316193646 -0.0042153531159944534 -0.0032465641703609978 0.00057646525433115755 -0.0063402422271521793 0.00099082701657584086 -0.0039057472783039543 -0.0031378400761699955 0.00041200697482455493 -0.0058816476146059506 0.00073050847605765916 -0.0036233834052637358 -0.0030244322514306359 0.00027766873477992593 -0.0054623044727809657 0.00051503684098293289 -0.0033633099098997294 -0.0029069713773352338 0.00016822311981599413 -0.005075411602219089 0.00033688363203151475 -0.0031218710776101692 -0.0027861023165208234 7.9562065688583081e-05 -0.0047158814309200305 0.00019010769582267919 -0.0028963396629690633 -0.0026624792346906429 8.3895136304255709e-06 