# Created by Octave 6.2.0, Wed Jul 06 00:00:14 2022 +07 <pannawis@macintosh>
# name: filterCoef
# type: matrix
# rows: 1
# columns: 301
 -0.00018252427212496429 -0.00026630097334233357 -0.00025066899936314585 -0.0001440621004435498 -1.497917813297531e-05 5.0950506873896281e-05 6.4287632309115565e-06 -0.00012491900458163458 -0.00026093353489592066 -0.00031234684528716402 -0.00024162945475608171 -9.1003955723771481e-05 4.0766250130387068e-05 6.0798032030148556e-05 -5.5088417170191849e-05 -0.00024107463771573889 -0.00037900712997024111 -0.00037433068858298846 -0.00022216938488311716 -1.8026013740444068e-05 9.8867517925993109e-05 3.6857956591955038e-05 -0.00018134137484141725 -0.00042416417127297208 -0.00053172444864778225 -0.00042298676005577535 -0.00015848568314098823 8.8528681788141585e-05 0.00014105463734283863 -6.0222411181561788e-05 -0.00040547680443790826 -0.00067610218662913352 -0.00068546460930653296 -0.00041031099293227513 -2.1378714688137753e-05 0.00021696218528328726 0.00012052176498969264 -0.0002807998812329953 -0.00074488623097258887 -0.00096567352697768405 -0.00077831893831107972 -0.00028473448077976407 0.00019386817635344564 0.00031943185560003788 -3.1893868964272684e-05 -0.00066684025161440859 -0.001181731871069026 -0.0012226182703736494 -0.00073235630665533522 -1.3649064551812249e-05 0.00045004924731711714 0.00031191265920350696 -0.00038974307182715383 -0.0012278532607493816 -0.0016493363485589043 -0.0013443178890653158 -0.00047668805942540824 0.00039255252470821704 0.00065960438550688092 8.7692506949177678e-05 -0.0010041832886159992 -0.0019189250875216782 -0.0020303856927689152 -0.0012161045585278971 2.3345618746023345e-05 0.00086215829405052982 0.0006900438183552759 -0.00045650410387570501 -0.0018744928381070197 -0.0026280208283645241 -0.0021702593462178924 -0.00074232191798189232 0.000738021589961592 0.0012561026730235816 0.00038467900799752774 -0.001386477369111271 -0.002923571760002997 -0.0031779538711258983 -0.0019048448378395375 0.00011816055064148225 0.0015537712985705986 0.0013779576648992199 -0.00040413977681986687 -0.0026960570831318785 -0.0039854119944321316 -0.003344666644759681 -0.0010979402953571304 0.0013200722714329137 0.0022680731735994111 0.00099917759305778188 -0.0017760336312850756 -0.0042802091976889755 -0.0048082015339549963 -0.0028883835378366168 0.00032001862103573698 0.0027107938781557655 0.0025997145831246813 -0.00010664437989397025 -0.0037471228125458399 -0.0059213944784463615 -0.0050707007057033205 -0.0015884493054370858 0.0023216278407572379 0.0040233854948840131 0.0022078554973152665 -0.0021328282464404781 -0.0062275962738536578 -0.0072883847530137305 -0.004399879583921627 0.00073413800614331671 0.0047692895703827431 0.004877258527260845 0.00070038530749902145 -0.0052328835660666725 -0.0090195911951689387 -0.0079328519082548284 -0.0023587994698135487 0.0042353365428870185 0.0074244091969945395 0.0047582610749210908 -0.0024192274881853762 -0.0095815431629525834 -0.011838308275331879 -0.0072310752958294365 0.0016842409977884418 0.0091818573590689463 0.0099792956033321854 0.0028762700216509933 -0.0080374007873843262 -0.015646834944581977 -0.014353870678854604 -0.0040568633871848744 0.0091717364435685393 0.016516801575386517 0.012106587592502905 -0.0026045093265340755 -0.018847311279780014 -0.025484362693441405 -0.016246289820019653 0.0052165168546217883 0.026098219786388668 0.031389781710862964 0.013516535649313648 -0.02098094308047015 -0.052279860896072096 -0.056222369332793364 -0.01726236360230024 0.061450235683741555 0.15674024058888272 0.23435075552060688 0.26419099755408426 0.23435075552060688 0.15674024058888272 0.061450235683741555 -0.01726236360230024 -0.056222369332793357 -0.052279860896072089 -0.020980943080470153 0.013516535649313648 0.031389781710862964 0.026098219786388668 0.0052165168546217874 -0.016246289820019653 -0.025484362693441402 -0.018847311279780017 -0.0026045093265340759 0.012106587592502903 0.016516801575386517 0.0091717364435685393 -0.0040568633871848744 -0.014353870678854604 -0.015646834944581977 -0.0080374007873843245 0.0028762700216509933 0.0099792956033321854 0.0091818573590689498 0.0016842409977884446 -0.0072310752958294356 -0.011838308275331874 -0.0095815431629525851 -0.0024192274881853731 0.0047582610749210856 0.0074244091969945395 0.0042353365428870185 -0.0023587994698135526 -0.0079328519082548319 -0.0090195911951689422 -0.0052328835660666734 0.00070038530749902167 0.0048772585272608459 0.0047692895703827431 0.0007341380061433165 -0.004399879583921627 -0.0072883847530137314 -0.0062275962738536595 -0.0021328282464404798 0.0022078554973152678 0.0040233854948840157 0.0023216278407572379 -0.0015884493054370867 -0.0050707007057033179 -0.0059213944784463624 -0.0037471228125458417 -0.00010664437989397009 0.0025997145831246813 0.0027107938781557681 0.00032001862103573828 -0.002888383537836619 -0.0048082015339549989 -0.0042802091976889764 -0.001776033631285075 0.00099917759305778492 0.0022680731735994029 0.0013200722714329057 -0.0010979402953571306 -0.0033446666447596841 -0.003985411994432129 -0.002696057083131879 -0.00040413977681986676 0.0013779576648992207 0.0015537712985705988 0.0001181605506414821 -0.0019048448378395373 -0.0031779538711258991 -0.0029235717600029965 -0.0013864773691112716 0.00038467900799752828 0.0012561026730235827 0.00073802158996159265 -0.00074232191798189275 -0.0021702593462178915 -0.0026280208283645246 -0.0018744928381070202 -0.0004565041038757049 0.00069004381835527622 0.00086215829405052972 2.3345618746023589e-05 -0.0012161045585278977 -0.0020303856927689156 -0.0019189250875216793 -0.001004183288615999 8.769250694917761e-05 0.00065960438550688102 0.00039255252470821682 -0.00047668805942540797 -0.0013443178890653179 -0.0016493363485589043 -0.0012278532607493825 -0.00038974307182715394 0.00031191265920350734 0.00045004924731711779 -1.3649064551812146e-05 -0.00073235630665533533 -0.0012226182703736497 -0.0011817318710690258 -0.00066684025161440892 -3.1893868964272636e-05 0.00031943185560003793 0.00019386817635344601 -0.00028473448077976423 -0.00077831893831108059 -0.00096567352697768567 -0.00074488623097258876 -0.00028079988123299514 0.00012052176498969275 0.00021696218528328721 -2.1378714688137743e-05 -0.00041031099293227491 -0.0006854646093065335 -0.0006761021866291345 -0.00040547680443790848 -6.0222411181561795e-05 0.00014105463734283836 8.852868178814164e-05 -0.00015848568314098834 -0.00042298676005577497 -0.00053172444864778192 -0.00042416417127297344 -0.00018134137484141725 3.6857956591956658e-05 9.8867517925993096e-05 -1.8026013740444065e-05 -0.00022216938488311749 -0.00037433068858298873 -0.00037900712997024127 -0.00024107463771573883 -5.5088417170191781e-05 6.0798032030148651e-05 4.0766250130387223e-05 -9.1003955723771508e-05 -0.00024162945475608179 -0.00031234684528716402 -0.00026093353489592066 -0.00012491900458163463 6.4287632309115726e-06 5.0950506873896424e-05 -1.4979178132975286e-05 -0.0001440621004435498 -0.0002506689993631459 -0.00026630097334233362 -0.00018252427212496429


