# Created by Octave 6.2.0, Wed Jun 15 11:45:36 2022 +07 <pannawis@Macintosh.local>
# name: filterCoef
# type: matrix
# rows: 1
# columns: 501
 -7.8269151767111227e-05 -7.8327689251012639e-05 -7.8457345416243118e-05 -7.8658165132849267e-05 -7.8930181975298184e-05 -7.9273418202655013e-05 -7.9687884740571317e-05 -8.0173581165091101e-05 -8.0730495688282895e-05 -8.1358605145703651e-05 -8.2057874985701749e-05 -8.2828259260566209e-05 -8.3669700619526236e-05 -8.4582130303609602e-05 -8.5565468142362168e-05 -8.6619622552436772e-05 -8.7744490538054152e-05 -8.8939957693340955e-05 -9.0205898206549903e-05 -9.154217486616434e-05 -9.2948639068892578e-05 -9.4425130829553413e-05 -9.5971478792857012e-05 -9.7587500247083191e-05 -9.9273001139658961e-05 -0.0001010277760946382 -0.00010285160843208376 -0.00010474427018935383 -0.00010670552214429411 -0.00010873511384033424 -0.00011083278361349107 -0.00011299825862127688 -0.00011523125487351256 -0.00011753147726504522 -0.00011989861961036808 -0.00012233236468014218 -0.0001248323842396173 -0.00012739833908894914 -0.0001300298791054119 -0.00013272664328750177 -0.0001354882598009278 -0.00013831434602648831 -0.00014120450860982624 -0.00014415834351306058 -0.00014717543606828959 -0.0001502553610329584 -0.00015339768264708781 -0.00015660195469235696 -0.00015986772055303508 -0.00016319451327875326 -0.0001665818556491125 -0.00017002926024011736 -0.00017353622949243099 -0.00017710225578143978 -0.00018072682148912331 -0.00018440939907771691 -0.00018814945116516019 -0.00019194643060232205 -0.0001957997805519908 -0.00019970893456961952 -0.00020367331668581977 -0.00020769234149058534 -0.00021176541421924247 -0.00021589193084011046 -0.00022007127814386126 -0.000224302833834568 -0.00022858596662242621 -0.00023292003631813837 -0.00023730439392894538 -0.00024173838175629413 -0.0002462213334951239 -0.0002507525743347605 -0.00025533142106140127 -0.0002599571821621763 -0.00026462915793077149 -0.00026934664057459468 -0.00027410891432347632 -0.0002789152555398759 -0.0002837649328305907 -0.00028865720715993981 -0.00029359133196441261 -0.00029856655326875964 -0.00030358210980351068 -0.00030863723312389986 -0.00031373114773018099 -0.00031886307118931249 -0.00032403221425799414 -0.00032923778100703435 -0.00033447896894703072 -0.0003397549691553411 -0.00034506496640432594 -0.00035040813929084109 -0.00035578366036696329 -0.0003611906962719174 -0.00036662840786519699 -0.00037209595036084587 -0.00037759247346288397 -0.00038311712150185376 -0.00038866903357246378 -0.00039424734367230732 -0.00039985118084163377 -0.00040547966930414735 -0.00041113192860881134 -0.00041680707377263237 -0.00042250421542440334 -0.00042822245994937581 -0.00043396090963484444 -0.00043971866281660815 -0.00044549481402629863 -0.0004512884541395318 -0.00045709867052487306 -0.00046292454719358084 -0.00046876516495010967 -0.00047461960154333816 -0.00048048693181850449 -0.00048636622786981667 -0.00049225655919371482 -0.00049815699284275487 -0.00050406659358009172 -0.00050998442403452971 -0.00051590954485611622 -0.00052184101487225002 -0.00052777789124427727 -0.00053371922962454268 -0.00053966408431388327 -0.0005456115084195108 -0.00055156055401328055 -0.0005575102722903025 -0.00056345971372787366 -0.00056940792824469602 -0.00057535396536036285 -0.00058129687435507144 -0.0005872357044295432 -0.00059316950486511971 -0.00059909732518400064 -0.00060501821530960394 -0.00061093122572701054 -0.00061683540764346861 -0.0006227298131489293 -0.00062861349537657589 -0.0006344855086633384 -0.00064034490871033034 -0.00064619075274321221 -0.0006520220996724317 -0.00065783801025331827 -0.00066363754724600016 -0.00066941977557511702 -0.00067518376248929533 -0.00068092857772036127 -0.00068665329364225641 -0.00069235698542963143 -0.00069803873121608584 -0.00070369761225202402 -0.00070933271306210059 -0.00071494312160222341 -0.00072052792941608088 -0.0007260862317911835 -0.00073161712791435581 -0.00073711972102668459 -0.00074259311857787392 -0.00074803643237998413 -0.0007534487787605248 -0.00075882927871487413 -0.00076417705805799342 -0.00076949124757541142 -0.00077477098317344862 -0.00078001540602864973 -0.00078522366273640063 -0.00079039490545870284 -0.00079552829207107034 -0.00080062298630852657 -0.00080567815791066967 -0.00081069298276579269 -0.0008156666430540017 -0.00082059832738933642 -0.00082548723096084492 -0.00083033255567259824 -0.00083513351028260832 -0.00083988931054062763 -0.00084459917932480644 -0.0008492623467771757 -0.00085387805043793321 -0.00085844553537850628 -0.00086296405433336748 -0.00086743286783057239 -0.00087185124432100157 -0.00087621846030627856 -0.00088053380046532875 -0.00088479655777958812 -0.0008890060336567869 -0.00089316153805333004 -0.00089726238959522589 -0.00090130791569754888 -0.00090529745268240838 -0.00090923034589540305 -0.00091310594982054176 -0.00091692362819359929 -0.00092068275411389571 -0.00092438271015447056 -0.0009280228884706314 -0.00093160269090685963 -0.00093512152910204714 -0.00093857882459304849 -0.00094197400891651861 -0.0009453065237090422 -0.0009485758208054914 -0.0009517813623356353 -0.00095492262081896208 -0.00095799907925769249 -0.00096101023122797675 -0.0009639555809692527 -0.0009668346434717445 -0.00096964694456208925 -0.00097239202098707404 -0.00097506942049546404 -0.00097767870191790927 -0.00098021943524491438 -0.00098269120170284881 -0.00098509359382799723 -0.00098742621553861323 -0.00098968868220499764 -0.00099188062071753932 -0.00099400166955275026 -0.0009960514788372554 -0.00099802971040973613 -0.00099993603788080688 -0.0010017701466908222 -0.0010035317341655959 -0.0010052205095700242 -0.0010068361941596039 -0.0010083785212298283 -0.0010098472361634646 -0.001011242096475686 -0.0010125628718570664 -0.0010138093442144181 -0.0010149813077094622 -0.0010160785687953497 -0.001017100946250979 -0.0010180482712131493 -0.0010189203872065205 -0.0010197171501713739 -0.0010204384284891754 -0.0010210841030059321 -0.0010216540670533378 -0.0010221482264677045 -0.001022566499606675 -0.0010229088173637146 -0.0010231751231803774 -0.0010233653730563458 -0.0010234795355572412 0.99905474006456185 -0.001023479535557241 -0.0010233653730563458 -0.0010231751231803774 -0.0010229088173637146 -0.0010225664996066748 -0.0010221482264677042 -0.0010216540670533378 -0.0010210841030059321 -0.0010204384284891754 -0.0010197171501713739 -0.0010189203872065205 -0.0010180482712131495 -0.0010171009462509788 -0.0010160785687953497 -0.0010149813077094619 -0.0010138093442144181 -0.0010125628718570664 -0.001011242096475686 -0.0010098472361634646 -0.0010083785212298285 -0.0010068361941596039 -0.0010052205095700242 -0.0010035317341655957 -0.0010017701466908224 -0.00099993603788080688 -0.00099802971040973635 -0.00099605147883725562 -0.00099400166955275005 -0.00099188062071753932 -0.00098968868220499764 -0.00098742621553861323 -0.00098509359382799744 -0.0009826912017028486 -0.00098021943524491438 -0.00097767870191790948 -0.00097506942049546404 -0.00097239202098707404 -0.00096964694456208925 -0.00096683464347174417 -0.0009639555809692527 -0.00096101023122797664 -0.00095799907925769217 -0.0009549226208189624 -0.0009517813623356353 -0.00094857582080549129 -0.00094530652370904209 -0.00094197400891651861 -0.0009385788245930486 -0.00093512152910204692 -0.00093160269090685952 -0.00092802288847063119 -0.00092438271015447045 -0.0009206827541138956 -0.00091692362819359918 -0.00091310594982054166 -0.00090923034589540327 -0.00090529745268240827 -0.0009013079156975491 -0.000897262389595226 -0.00089316153805333014 -0.00088900603365678712 -0.00088479655777958834 -0.00088053380046532864 -0.00087621846030627878 -0.00087185124432100167 -0.00086743286783057239 -0.00086296405433336748 -0.0008584455353785065 -0.00085387805043793299 -0.0008492623467771757 -0.00084459917932480665 -0.00083988931054062785 -0.00083513351028260832 -0.00083033255567259857 -0.00082548723096084503 -0.00082059832738933631 -0.00081566664305400202 -0.00081069298276579302 -0.00080567815791066934 -0.0008006229863085269 